0 FILE Drivetrain.ldr
0 
0 Name: New Model.ldr
0 Author: 
0 !LEOCAD GROUP BEGIN DriveTrain
1 7 -276.1214 -134.6621 -156.1691 1 0 0 0 1 0 0 0 1 95658.dat
1 7 -366.1214 -134.6621 -156.1691 0 0 -1 0 1 0 1 0 0 41896c01.dat
1 7 -396.1214 -134.6621 -156.1691 0 0 1 0 1 0 -1 0 0 4211622.dat
1 7 -316.1214 -134.6621 -156.1691 0 0 1 0 1 0 -1 0 0 4211622.dat
1 7 -336.1214 -134.6621 -156.1691 1 0 0 0 1 0 0 0 1 60485.dat
1 7 -336.1214 -134.6621 -156.1691 0 0 1 0 1 0 -1 0 0 4211622.dat
1 7 -156.1214 -134.6621 -156.1691 1 0 0 0 1 0 0 0 1 95658.dat
1 7 -34.1214 -134.6621 -156.1691 0 0 -1 0 1 0 1 0 0 4211622.dat
1 7 -114.1214 -134.6621 -156.1691 0 0 -1 0 1 0 1 0 0 4211622.dat
1 7 -94.1214 -134.6621 -156.1691 -1 0 0 0 1 0 0 0 -1 60485.dat
1 7 -94.1214 -134.6621 -156.1691 0 0 -1 0 1 0 1 0 0 4211622.dat
0 !LEOCAD PIECE PIVOT  0 0 0 1 0 0 0 1 0 0 0 1
1 0 -136.1214 -235.2621 -366.369 0 0 1 0 -1 0 1 0 0 2780.dat
0 STEP
1 7 -216.1214 -236.2621 -376.369 0 0 1 -1 0 0 0 -1 0 64289.dat
0 !LEOCAD PIECE PIVOT  0 0 0 1 0 0 0 1 0 0 0 1
1 0 -176.1214 -235.2621 -366.369 0 0 1 0 -1 0 1 0 0 2780.dat
0 !LEOCAD PIECE PIVOT  0 0 0 1 0 0 0 1 0 0 0 1
1 0 -296.1214 -235.2621 -366.369 0 0 1 0 -1 0 1 0 0 2780.dat
0 !LEOCAD PIECE PIVOT  0 0 0 1 0 0 0 1 0 0 0 1
1 0 -256.1214 -235.2621 -366.369 0 0 1 0 -1 0 1 0 0 2780.dat
1 7 -66.1214 -134.6621 -156.1691 0 0 -1 0 1 0 1 0 0 41896c01.dat
1 7 -196.1214 -135.6621 -396.1691 0 1 0 -1 0 0 0 0 1 64290.dat
1 0 -186.1214 -135.6621 -296.1691 1 0 0 0 1 0 0 0 1 2780.dat
1 0 -246.1214 -135.6621 -296.1691 1 0 0 0 1 0 0 0 1 2780.dat
1 0 -246.1214 -135.6621 -336.1691 1 0 0 0 1 0 0 0 1 2780.dat
1 0 -186.1214 -135.6621 -336.1691 1 0 0 0 1 0 0 0 1 2780.dat
1 7 -236.1214 -135.6621 -396.1691 0 1 0 -1 0 0 0 0 1 64290.dat
1 1 -215.84 -135.2895 -496.0002 1 0 0 0 1 0 0 0 1 42924.dat
1 1 -216.1214 -135.6621 -456.1691 -1 0 0 0 -1 0 0 0 1 42924.dat
1 8 -216.2814 -96.2621 -475.649 0 1 0 0 0 -1 -1 0 0 92911c01.dat
1 7 -296.2814 -194.2621 -195.6491 0 1 0 -1 0 0 0 0 1 32524.dat
1 1 -276.1214 -194.0873 -235.6174 1 0 0 0 1 0 0 0 1 42924.dat
1 1 -276.1214 -193.6621 -196.1691 1 0 0 0 1 0 0 0 1 42924.dat
1 7 -136.3383 -193.4621 -196.5491 0 -1 0 1 0 0 0 0 1 32524.dat
1 1 -156.4983 -193.6369 -236.5174 -1 0 0 0 -1 0 0 0 1 42924.dat
1 1 -156.4983 -194.0621 -197.0691 -1 0 0 0 -1 0 0 0 1 42924.dat
1 7 -276.2814 -194.2621 -156.6491 0 1 0 -1 0 0 0 0 1 17141.dat
1 7 -256.2814 -194.2621 -196.6491 0 1 0 -1 0 0 0 0 1 32316.dat
1 7 -176.2814 -194.2621 -196.6491 0 1 0 -1 0 0 0 0 1 32316.dat
1 7 -236.2814 -194.2621 -96.6491 0 1 0 -1 0 0 0 0 1 32009.dat
1 7 -196.2814 -194.2621 -96.6491 0 1 0 -1 0 0 0 0 1 32009.dat
1 7 -216.2814 -194.2621 -196.6491 0 1 0 -1 0 0 0 0 1 32316.dat
1 7 -156.2814 -194.2621 -156.6491 0 1 0 -1 0 0 0 0 1 17141.dat
0 !LEOCAD GROUP END
0 !LEOCAD GROUP BEGIN Color Sensor
1 7 -217.1392 -274 -96.8345 -1 0 0 0 1 0 -0 0 -1 32073.dat
1 7 -257.1392 -194 -96.8345 0 -1 0 0 0 1 -1 -0 0 64289.dat
1 7 -217.1392 -194 -96.8345 0 -1 0 0 0 1 -1 -0 0 64289.dat
1 7 -177.1391 -194 -96.8346 0 -1 0 0 0 1 -1 -0 0 64289.dat
1 0 -187.1392 -254 -96.8346 -1 -0 0 0 0 1 -0 1 0 2780.dat
1 0 -247.1392 -234 -96.8345 -1 -0 0 0 0 1 -0 1 0 2780.dat
1 1 -237.1392 -254 -96.8345 1 0 0 0 0 1 0 -1 0 42924.dat
1 1 -197.1392 -234 -96.8345 -1 -0 0 0 0 1 -0 1 0 42924.dat
1 8 -237.1392 -114 -16.8344 0 -1 0 -1 0 0 0 -0 -1 32526.dat
1 8 -197.1392 -114 -16.8344 0 -1 0 -1 0 0 0 -0 -1 32526.dat
1 1 -277.1393 -154 -96.8345 -1 -0 0 0 0 1 -0 1 0 42924.dat
1 1 -277.1393 -114 -96.8345 -1 -0 0 0 0 1 -0 1 0 42924.dat
1 1 -157.1391 -114 -96.8345 1 0 0 0 0 1 0 -1 0 42924.dat
1 1 -157.1391 -154 -96.8345 1 0 0 0 0 1 0 -1 0 42924.dat
1 8 -277.1393 -134 -96.8345 -1 0 0 0 0 -1 -0 -1 0 95650.dat
1 8 -157.1391 -134 -96.8345 -1 0 0 0 0 -1 -0 -1 0 95650.dat
1 8 -217.1392 -74 -36.8345 -0 -1 0 0 0 -1 1 -0 0 92911c01.dat
1 1 -217.1392 -114 -16.8344 1 -0 0 0 0 -1 0 1 0 42924.dat
1 1 -217.1392 -114 -56.8345 1 -0 0 0 0 -1 0 1 0 42924.dat
0 !LEOCAD GROUP END
0 NOFILE
0 FILE Funnel.ldr
0 
0 Name: Funnel.ldr
0 Author: 
1 7 -80 -168 140 1 0 0 0 0 1 0 -1 0 32524.dat
1 7 -80 -168 120 1 0 0 0 0 1 0 -1 0 32524.dat
1 7 -80 -168 100 1 0 0 0 0 1 0 -1 0 32524.dat
1 7 -80 -168 80 1 0 0 0 0 1 0 -1 0 32524.dat
1 7 -80 -168 60 1 0 0 0 0 1 0 -1 0 32524.dat
1 7 -80 -168 40 1 0 0 0 0 1 0 -1 0 32524.dat
1 7 -80 -168 20 1 0 0 0 0 1 0 -1 0 32524.dat
1 7 -80 -168 0 1 0 0 0 0 1 0 -1 0 32524.dat
1 8 -80 -130 -20 0 0 1 0 1 0 -1 0 0 48989.dat
1 7 -60 -170 -20 0 -1 0 0 0 -1 1 0 0 64289.dat
1 7 -40 -210 -20 0 -1 0 0 0 -1 1 0 0 41239.dat
1 7 0 -210 -20 0 -1 0 0 0 -1 1 0 0 41239.dat
1 7 40 -210 -20 0 -1 0 0 0 -1 1 0 0 41239.dat
1 7 -20 -170 -20 0 -1 0 0 0 -1 1 0 0 64289.dat
1 7 20 -170 -20 0 -1 0 0 0 -1 1 0 0 64289.dat
1 1 -80 -110 0 0 0 -1 0 1 0 1 0 0 42924.dat
1 1 -80 -150 0 0 0 -1 0 1 0 1 0 0 42924.dat
1 7 80 -250 0 -1 0 0 0 0 1 0 1 0 16616.dat
1 7 60 -170 -20 0 -1 0 0 0 -1 1 0 0 64289.dat
1 8 80.3333 -169 -19.6667 1 0 0 0 1 0 0 0 1 48989.dat
1 1 58.3333 -149 -19.6667 -1 0 0 0 1 0 0 0 -1 42924.dat
1 1 58.3333 -189 -19.6667 -1 0 0 0 1 0 0 0 -1 42924.dat
1 7 80 -250 20 -1 0 0 0 0 1 0 1 0 16616.dat
1 7 80 -250 40 -1 0 0 0 0 1 0 1 0 16616.dat
1 7 80 -250 80 -1 0 0 0 0 1 0 1 0 16616.dat
1 8 80 -130 200 -1 0 0 0 1 0 0 0 -1 48989.dat
1 7 80 -170 100 1 0 0 0 0 1 0 -1 0 64289.dat
1 7 80 -128 120 1 0 0 0 0 1 0 -1 0 32524.dat
1 7 80 -128 140 1 0 0 0 0 1 0 -1 0 32524.dat
1 8 80 -110 160 -1 0 0 0 1 0 0 0 -1 48989.dat
1 7 80 -110 180 1 0 0 0 0 -1 0 1 0 32316.dat
1 7 20 -130 160 0 -1 0 0 0 -1 1 0 0 32524.dat
1 7 -40 -110 160 0 1 0 0 0 -1 -1 0 0 64289.dat
1 7 -20 -110 160 0 1 0 0 0 -1 -1 0 0 64289.dat
1 7 0 -110 160 0 1 0 0 0 -1 -1 0 0 64289.dat
1 7 40 -130 160 0 -1 0 0 0 -1 1 0 0 32524.dat
1 7 60 -110 160 0 1 0 0 0 -1 -1 0 0 64289.dat
1 8 -80 -130 160 -1 0 0 0 1 0 0 0 -1 48989.dat
1 1 -40 -110 160 1 0 0 0 1 0 0 0 1 42924.dat
1 1 -40 -150 160 1 0 0 0 1 0 0 0 1 42924.dat
1 7 -60 -150 160 0 1 0 0 0 -1 -1 0 0 32316.dat
1 7 80 -150 60 1 0 0 0 0 1 0 -1 0 32009.dat
0 NOFILE
0 FILE System Model.ldr
0 
0 Name: System Model.ldr
0 Author: 
1 7 -80 -228 140 1 0 0 0 0 1 0 -1 0 32524.dat
1 7 -80 -228 120 1 0 0 0 0 1 0 -1 0 32524.dat
1 7 -80 -228 100 1 0 0 0 0 1 0 -1 0 32524.dat
1 7 -80 -228 80 1 0 0 0 0 1 0 -1 0 32524.dat
1 7 -80 -228 60 1 0 0 0 0 1 0 -1 0 32524.dat
1 7 -80 -228 40 1 0 0 0 0 1 0 -1 0 32524.dat
1 7 -80 -228 20 1 0 0 0 0 1 0 -1 0 32524.dat
1 7 -80 -228 0 1 0 0 0 0 1 0 -1 0 32524.dat
1 8 -80 -190 -20 0 0 1 0 1 0 -1 0 0 48989.dat
1 7 -60 -230 -20 0 -1 0 0 0 -1 1 0 0 64289.dat
1 7 -40 -270 -20 0 -1 0 0 0 -1 1 0 0 41239.dat
1 7 0 -270 -20 0 -1 0 0 0 -1 1 0 0 41239.dat
1 7 40 -270 -20 0 -1 0 0 0 -1 1 0 0 41239.dat
1 7 -20 -230 -20 0 -1 0 0 0 -1 1 0 0 64289.dat
1 7 20 -230 -20 0 -1 0 0 0 -1 1 0 0 64289.dat
1 1 -80 -170 0 0 0 -1 0 1 0 1 0 0 42924.dat
1 1 -80 -210 0 0 0 -1 0 1 0 1 0 0 42924.dat
1 7 80 -310 0 -1 0 0 0 0 1 0 1 0 16616.dat
1 7 60 -230 -20 0 -1 0 0 0 -1 1 0 0 64289.dat
1 8 80.3333 -229 -19.6667 1 0 0 0 1 0 0 0 1 48989.dat
1 1 58.3333 -209 -19.6667 -1 0 0 0 1 0 0 0 -1 42924.dat
1 1 58.3333 -249 -19.6667 -1 0 0 0 1 0 0 0 -1 42924.dat
1 7 80 -310 20 -1 0 0 0 0 1 0 1 0 16616.dat
1 7 80 -310 40 -1 0 0 0 0 1 0 1 0 16616.dat
1 7 80 -310 80 -1 0 0 0 0 1 0 1 0 16616.dat
1 8 80 -190 200 -1 0 0 0 1 0 0 0 -1 48989.dat
1 7 80 -230 100 1 0 0 0 0 1 0 -1 0 64289.dat
1 7 80 -188 120 1 0 0 0 0 1 0 -1 0 32524.dat
1 7 80 -188 140 1 0 0 0 0 1 0 -1 0 32524.dat
1 8 80 -170 160 -1 0 0 0 1 0 0 0 -1 48989.dat
1 7 80 -170 180 1 0 0 0 0 -1 0 1 0 32316.dat
1 7 20 -190 160 0 -1 0 0 0 -1 1 0 0 32524.dat
1 7 -40 -170 160 0 1 0 0 0 -1 -1 0 0 64289.dat
1 7 -20 -170 160 0 1 0 0 0 -1 -1 0 0 64289.dat
1 7 0 -170 160 0 1 0 0 0 -1 -1 0 0 64289.dat
1 7 40 -190 160 0 -1 0 0 0 -1 1 0 0 32524.dat
1 7 60 -170 160 0 1 0 0 0 -1 -1 0 0 64289.dat
1 8 -80 -190 160 -1 0 0 0 1 0 0 0 -1 48989.dat
1 1 -40 -170 160 1 0 0 0 1 0 0 0 1 42924.dat
1 1 -40 -210 160 1 0 0 0 1 0 0 0 1 42924.dat
1 7 -60 -210 160 0 1 0 0 0 -1 -1 0 0 32316.dat
0 !LEOCAD GROUP BEGIN Pusher
1 7 100.375 -230 200.125 0 1 0 0 0 -1 -1 0 0 64289.dat
1 0 90.375 -170 200.125 1 0 0 0 0 -1 0 1 0 2780.dat
1 0 90.375 -210 200.125 1 0 0 0 0 -1 0 1 0 2780.dat
1 1 120.375 -270 200.125 1 0 0 0 0 -1 0 1 0 42924.dat
1 1 120.375 -310 200.125 1 0 0 0 0 -1 0 1 0 42924.dat
1 7 140.375 -130 200.125 1 0 0 0 0 1 0 -1 0 95658.dat
1 7 92.375 -130 200.125 1 0 0 0 1 0 0 0 1 55013.dat
1 7 160.375 -150 260.125 0 1 0 0 0 1 1 0 0 32524.dat
1 0 150.375 -170 260.125 1 0 0 0 0 -1 0 1 0 2780.dat
1 0 150.375 -210 260.125 1 0 0 0 0 -1 0 1 0 2780.dat
1 8 52.375 -130 200.125 0 -1 0 1 0 0 0 0 1 32140.dat
1 8 12.375 -130 200.125 0 -1 0 1 0 0 0 0 1 32140.dat
1 7 32.375 -130 400.125 0 1 0 -1 0 0 0 0 1 32009.dat
1 1 32.375 -130 220.125 -1 0 0 0 -1 0 0 0 1 42924.dat
1 1 32.375 -130 240.125 -1 0 0 0 -1 0 0 0 1 42924.dat
1 0 42.375 -130 260.125 1 0 0 0 1 0 0 0 1 2780.dat
0 !LEOCAD GROUP END
1 7 80 -210 60 1 0 0 0 0 1 0 -1 0 32009.dat
1 0 97.3338 -506 362.7407 -1 0 0 0 1 0 0 0 -1 32072.dat
1 0 97.3337 -506 221.7405 0 0 -1 0 1 0 1 0 0 50451.dat
1 7 138.7198 -435.6738 241.7405 -0.87462 0 0.48481 0.48481 0 0.87462 0 1 0 41239.dat
1 7 97.3337 -506 221.7405 0 0 -1 -1 0 0 0 1 0 41239.dat
1 0 117.3338 -505.9999 211.7405 0 0 -1 0 1 0 1 0 0 2780.dat
1 0 137.3338 -506 211.7405 0 0 -1 0 1 0 1 0 0 2780.dat
1 0 157.3338 -505.9999 211.7405 0 0 -1 0 1 0 1 0 0 2780.dat
1 1 197.3338 -506 201.7405 0 0 -1 0 -1 0 -1 0 0 42924.dat
1 1 157.3338 -505.9999 161.7405 0 0 -1 0 -1 0 -1 0 0 42924.dat
1 0 107.3337 -505.9999 201.7405 0 0 -1 -1 0 0 0 1 0 43857.dat
1 8 157.3338 -505.9999 201.7404 0 0 -1 -1 0 0 0 1 0 17141.dat
1 8 17.3337 -505.9999 201.7405 0 0 -1 -1 0 0 0 1 0 17141.dat
1 1 37.3337 -506 201.7405 0 0 -1 0 -1 0 -1 0 0 42924.dat
1 1 -2.6663 -506 201.7405 0 0 -1 0 -1 0 -1 0 0 42924.dat
1 8 177.3338 -505.9999 161.7405 0 0 -1 -1 0 0 0 1 0 32316.dat
1 8 177.3338 -505.9999 181.7405 0 0 -1 -1 0 0 0 1 0 17141.dat
1 7 237.3338 -506 141.7405 0 0 -1 -1 0 0 0 1 0 64290.dat
1 0 197.3338 -506 151.7404 0 0 -1 0 1 0 1 0 0 2780.dat
0 !LEOCAD GROUP BEGIN Pinch
1 8 217.3337 -713.8455 161.7405 0.866025 0 -0.5 0.5 0 0.866025 0 -1 0 32526.dat
1 8 187.3338 -661.8841 121.7405 0.866025 0 0.5 0.5 0 -0.866025 0 1 0 32140.dat
1 1 187.3338 -661.884 131.7405 0 0.866025 0.5 0 0.5 -0.866025 -1 0 0 43093.dat
1 1 217.3338 -713.8455 141.7405 0 -0.866025 -0.5 0 -0.5 0.866025 -1 0 0 42924.dat
1 1 197.3338 -679.2045 141.7404 0 -0.866025 -0.5 0 -0.5 0.866025 -1 0 0 42924.dat
1 25 177.3338 -644.564 181.7404 0.258819 0 -0.965926 0.965926 0 0.258819 0 -1 0 41669.dat
1 1 177.3338 -644.564 171.7405 0 0.965926 0.258819 0 -0.258819 0.965926 1 0 0 43093.dat
0 !LEOCAD GROUP END
1 7 37.3337 -503.9999 181.7405 0 0 -1 -1 0 0 0 1 0 32316.dat
1 7 37.3337 -503.9999 161.7405 0 0 -1 -1 0 0 0 1 0 32316.dat
1 7 -42.6662 -504 141.7404 0 0 -1 -1 0 0 0 1 0 64290.dat
1 0 37.3337 -503.9999 151.7404 0 0 -1 0 -1 0 -1 0 0 2780.dat
1 0 -2.6663 -504 151.7405 0 0 -1 0 -1 0 -1 0 0 2780.dat
1 0 117.3337 -538.6412 171.7405 0 0.866026 -0.5 0 0.5 0.866026 1 0 0 2780.dat
1 0 137.3337 -573.2822 171.7405 0 0.866026 -0.5 0 0.5 0.866026 1 0 0 2780.dat
1 7 167.3338 -625.2433 141.7405 -0.866025 0 -0.5 -0.5 0 0.866025 0 1 0 64290.dat
1 0 127.3337 -555.9617 151.7404 0 0.866026 -0.5 0 0.5 0.866026 1 0 0 2780.dat
1 0 147.3337 -590.6028 151.7405 0 0.866026 -0.5 0 0.5 0.866026 1 0 0 2780.dat
1 7 97.3339 -505.9998 161.7405 -0.866025 0 0.5 0.5 0 0.866025 0 1 0 41239.dat
1 1 37.3339 -609.9227 101.7405 0 0.866025 0.5 0 -0.5 0.866025 1 0 0 42924.dat
1 0 47.3339 -592.6022 151.7405 0 0.866025 0.5 0 -0.5 0.866025 1 0 0 2780.dat
1 0 67.3339 -557.9613 151.7405 0 0.866025 0.5 0 -0.5 0.866025 1 0 0 2780.dat
1 0 127.3338 -454.0385 151.7405 0 0.866025 0.5 0 -0.5 0.866025 1 0 0 2780.dat
1 0 147.3338 -419.3975 151.7405 0 0.866025 0.5 0 -0.5 0.866025 1 0 0 2780.dat
1 7 7.334 -452.0385 201.7405 0.866025 0 -0.5 -0.5 0 -0.866025 0 1 0 32524.dat
1 7 7.334 -452.0385 201.7405 0.866025 0 -0.5 -0.5 0 -0.866025 0 1 0 32524.dat
1 7 7.334 -557.9612 181.7405 -0.866025 0 -0.5 -0.5 0 0.866025 0 1 0 32524.dat
1 7 97.3338 -609.9229 201.7405 0 0 1 1 0 0 0 1 0 32524.dat
1 7 187.3338 -557.9612 181.7405 -0.866025 0 0.5 0.5 0 0.866025 0 1 0 32524.dat
1 7 187.3338 -454.0385 201.7405 0.866025 0 0.5 0.5 0 -0.866025 0 1 0 32524.dat
1 7 97.3337 -402.077 221.7405 0 0 1 1 0 0 0 1 0 32524.dat
1 0 97.3337 -506 122.7404 -1 0 0 0 1 0 0 0 -1 32072.dat
1 7 167.3338 -384.7565 141.7404 -0.866025 0 0.5 0.5 0 0.866025 0 1 0 64290.dat
1 7 27.3335 -384.7563 141.7405 0.866026 0 0.5 0.5 0 -0.866026 0 1 0 64290.dat
1 7 27.3341 -627.2431 141.7404 -0.866025 0 0.5 0.5 0 0.866025 0 1 0 64290.dat
1 7 117.3338 -538.6407 181.7405 -0.866025 0 -0.5 -0.5 0 0.866025 0 1 0 32316.dat
1 7 137.3339 -573.2817 161.7405 -0.866025 0 -0.5 -0.5 0 0.866025 0 1 0 32316.dat
1 7 57.3336 -436.7179 161.7405 0.866026 0 0.5 0.5 0 -0.866026 0 1 0 32524.dat
1 0 27.3336 -384.7564 151.7405 0 -0.866026 0.5 0 -0.5 -0.866026 1 0 0 2780.dat
1 0 37.3336 -402.0769 171.7405 0 -0.866026 0.5 0 -0.5 -0.866026 1 0 0 2780.dat
1 7 97.3337 -402.077 181.7405 0 0 1 1 0 0 0 1 0 32524.dat
1 8 97.3338 -402.077 201.7405 0 -1 0 1 0 0 0 0 1 48989.dat
1 0 67.3336 -454.0385 151.7404 0 -0.866026 0.5 0 -0.5 -0.866026 1 0 0 2780.dat
1 1 -22.6663 -505.9999 101.7404 0 0 -1 0 -1 0 -1 0 0 42924.dat
1 1 157.3338 -609.9229 101.7404 0 0 1 0 -1 0 1 0 0 42924.dat
1 1 217.3338 -506 101.7404 0 0 -1 0 -1 0 -1 0 0 42924.dat
1 1 157.3338 -402.077 121.7404 0 0.5 -0.866025 0 -0.866025 -0.5 -1 0 0 42924.dat
1 1 37.3338 -402.077 100.7404 0 0 -1 0 -1 0 -1 0 0 42924.dat
1 7 97.3339 -506.519 80.7404 0.866025 0 -0.5 0.5 0 0.866025 0 -1 0 41239.dat
1 7 7.3339 -560.4805 100.7404 0.866025 0 -0.5 0.5 0 0.866025 0 -1 0 32524.dat
1 7 7.3339 -454.5576 120.7405 -0.866025 0 -0.5 0.5 0 -0.866025 0 -1 0 32524.dat
1 7 97.3337 -402.5961 100.7404 0 0 1 -1 0 0 0 -1 0 32524.dat
1 7 187.3339 -454.5578 120.7404 -0.866025 0 0.5 -0.5 0 -0.866025 0 -1 0 32524.dat
1 7 187.3339 -558.4803 100.7404 0.866025 0 0.5 -0.5 0 0.866025 0 -1 0 32524.dat
1 7 97.3338 -610.4423 120.7404 0 0 1 -1 0 0 0 -1 0 32524.dat
1 7 97.3337 -506.5192 100.7404 0 0 -1 1 0 0 0 -1 0 64290.dat
1 8 197.3338 -506.5192 80.7404 0 0 -1 1 0 0 0 -1 0 17141.dat
1 8 -2.6662 -506.5192 80.7403 0 0 -1 1 0 0 0 -1 0 17141.dat
1 0 197.3338 -506.5192 90.7403 0 0 -1 0 1 0 1 0 0 2780.dat
1 0 -2.6662 -506.5192 90.7403 0 0 -1 0 1 0 1 0 0 2780.dat
1 0 17.3338 -506.5192 90.7403 0 0 -1 0 1 0 1 0 0 2780.dat
1 0 177.3338 -506.5192 90.7403 0 0 -1 0 1 0 1 0 0 2780.dat
1 0 97.3338 -506 41.7404 0 -1 0 -1 0 0 0 0 -1 32034.dat
1 8 96.9562 -513.0068 -18.2596 0 -0.156434 -0.987688 0 0.987688 -0.156434 1 0 0 95658.dat
1 8 277.3339 -426 -58.2596 -1 0 0 0 0 -1 0 -1 0 32526.dat
1 1 257.3339 -506 -48.2596 0 -1 0 0 0 -1 1 0 0 2780.dat
1 1 237.3338 -506 -38.2597 0 -1 0 0 0 -1 1 0 0 42924.dat
1 7 277.3339 -526 -78.2597 -1 0 0 0 0 1 0 1 0 32348.dat
1 7 277.3339 -526 -98.2596 -1 0 0 0 0 1 0 1 0 32348.dat
1 7 277.3339 -526 41.7404 -1 0 0 0 0 1 0 1 0 32348.dat
1 8 277.3339 -426 21.7404 -1 0 0 0 0 -1 0 -1 0 32526.dat
1 1 257.334 -506 11.7404 0 -1 0 0 0 1 -1 0 0 2780.dat
1 1 237.3339 -506 1.7404 0 -1 0 0 0 1 -1 0 0 42924.dat
1 8 197.3338 -586 41.7404 0 0 1 1 0 0 0 1 0 32526.dat
1 7 277.3339 -446 61.7404 -1 0 0 0 0 1 0 1 0 32278.dat
1 0 277.3339 -586 51.7404 0 -1 0 0 0 -1 1 0 0 2780.dat
1 0 277.3339 -546 51.7404 0 -1 0 0 0 -1 1 0 0 2780.dat
1 1 277.3339 -526 41.7404 0 -1 0 0 0 1 -1 0 0 42924.dat
1 1 277.3339 -466 41.7404 0 -1 0 0 0 1 -1 0 0 42924.dat
1 0 277.3339 -486 51.7404 0 -1 0 0 0 -1 1 0 0 2780.dat
1 0 277.3339 -426 71.7404 0 -1 0 0 0 -1 1 0 0 2780.dat
1 7 277.3339 -326 81.7404 -1 0 0 0 0 1 0 1 0 64290.dat
1 1 277.3339 -386 81.7404 0 -1 0 0 0 1 -1 0 0 42924.dat
1 1 277.3339 -346 81.7404 0 -1 0 0 0 1 -1 0 0 42924.dat
1 7 237.3338 -386 101.7405 0 0 1 1 0 0 0 1 0 32524.dat
1 7 237.3338 -346 101.7405 0 0 1 1 0 0 0 1 0 32524.dat
1 0 177.3338 -386 91.7404 0 -1 0 0 0 -1 1 0 0 2780.dat
1 0 177.3338 -346 91.7404 0 -1 0 0 0 -1 1 0 0 2780.dat
1 7 177.3338 -306 81.7404 -1 0 0 0 0 1 0 1 0 64289.dat
1 7 177.3338 -286 61.7404 -1 0 0 0 0 1 0 1 0 32278.dat
1 0 177.3338 -366 71.7404 0 -1 0 0 0 1 -1 0 0 2780.dat
1 0 177.3338 -326 71.7404 0 -1 0 0 0 1 -1 0 0 2780.dat
1 0 177.3338 -286 51.7404 0 -1 0 0 0 1 -1 0 0 2780.dat
1 0 177.3338 -406 71.7404 0 -1 0 0 0 1 -1 0 0 2780.dat
1 0 137.3338 -402 91.7404 0 -1 0 0 0 1 -1 0 0 2780.dat
0 !LEOCAD GROUP BEGIN Group #1
1 8 -22.6659 -298.1541 161.7405 -0.866025 0 0.5 -0.5 0 -0.866025 0 -1 0 32526.dat
1 8 7.334 -350.1155 121.7404 -0.866025 0 -0.5 -0.5 0 0.866025 0 1 0 32140.dat
1 1 7.334 -350.1154 131.7405 0 -0.866025 -0.5 0 -0.5 0.866025 -1 0 0 43093.dat
1 1 -22.666 -298.1541 141.7405 0 0.866025 0.5 0 0.5 -0.866025 -1 0 0 42924.dat
1 1 -2.666 -332.795 141.7404 0 0.866025 0.5 0 0.5 -0.866025 -1 0 0 42924.dat
1 25 17.3337 -367.436 181.7405 -0.258819 0 0.965926 -0.965926 0 -0.258819 0 -1 0 41669.dat
1 1 17.3337 -367.436 171.7405 0 -0.965926 -0.258819 0 0.258819 -0.965926 1 0 0 43093.dat
0 !LEOCAD GROUP END
0 !LEOCAD GROUP BEGIN Group #2
1 8 -22.6659 -713.8456 161.7405 0.866025 0 0.5 -0.5 0 0.866025 0 -1 0 32526.dat
1 8 7.3341 -661.8842 121.7404 0.866025 0 -0.5 -0.5 0 -0.866025 0 1 0 32140.dat
1 1 7.3342 -661.884 131.7408 0.000001 0.866025 -0.5 0 -0.5 -0.866025 -1 0.000001 -0.000001 43093.dat
1 1 -22.666 -713.8457 141.7409 0.000001 -0.866025 0.5 0 0.5 0.866025 -1 -0.000001 0.000001 42924.dat
1 1 -2.6661 -679.2048 141.7409 0.000001 -0.866025 0.5 0 0.5 0.866025 -1 -0.000001 0.000001 42924.dat
1 25 17.3338 -644.5637 181.7406 0.965926 0 -0.258818 0.258818 0 0.965926 0 -1 0 41669.dat
1 1 17.334 -644.5638 171.7404 -0.000001 0.258819 0.965926 0 -0.965926 0.258819 1 0 0.000001 43093.dat
0 !LEOCAD GROUP END
0 !LEOCAD GROUP BEGIN Group #3
1 8 217.3336 -298.1541 161.7406 -0.866025 0 -0.5 0.5 0 -0.866025 0 -1 0 32526.dat
1 8 187.3339 -350.1156 121.7404 -0.866025 0 0.5 0.5 0 0.866025 0 1 0 32140.dat
1 1 187.3338 -350.1156 131.7406 -0.000001 -0.866025 0.5 0 0.5 0.866025 -1 0.000001 0 43093.dat
1 1 217.3337 -298.1541 141.7407 -0.000001 0.866025 -0.5 0 -0.5 -0.866025 -1 -0.000001 0 42924.dat
1 1 197.3339 -332.7949 141.7406 -0.000001 0.866025 -0.5 0 -0.5 -0.866025 -1 -0.000001 0 42924.dat
1 25 177.3338 -367.4362 181.7406 -0.965926 0 0.258818 -0.258818 0 -0.965926 0 -1 0 41669.dat
1 1 177.3336 -367.4362 171.7405 0.000001 -0.258819 -0.965926 0 0.965926 -0.258819 1 0 0.000001 43093.dat
0 !LEOCAD GROUP END
0 !LEOCAD GROUP BEGIN Group #4
1 8 217.3337 -713.8455 161.7405 0.866025 0 -0.5 0.5 0 0.866025 0 -1 0 32526.dat
1 8 187.3338 -661.8841 121.7405 0.866025 0 0.5 0.5 0 -0.866025 0 1 0 32140.dat
1 1 187.3338 -661.884 131.7405 0 0.866025 0.5 0 0.5 -0.866025 -1 0 0 43093.dat
1 1 217.3338 -713.8455 141.7405 0 -0.866025 -0.5 0 -0.5 0.866025 -1 0 0 42924.dat
1 1 197.3338 -679.2045 141.7404 0 -0.866025 -0.5 0 -0.5 0.866025 -1 0 0 42924.dat
1 25 177.3338 -644.564 181.7404 0.258819 0 -0.965926 0.965926 0 0.258819 0 -1 0 41669.dat
1 1 177.3338 -644.564 171.7405 0 0.965926 0.258819 0 -0.258819 0.965926 1 0 0 43093.dat
0 !LEOCAD GROUP END
0 !LEOCAD GROUP BEGIN Group #5
1 8 -134.0949 -505.9999 161.7405 0 0 1 -1 0 0 0 -1 0 32526.dat
1 8 -74.095 -505.9999 121.7404 0 0 -1 -1 0 0 0 1 0 32140.dat
1 1 -74.0949 -505.9999 131.7405 0 0 -1 0 -1 0 -1 0 0 43093.dat
1 1 -134.095 -505.9999 141.7404 0 0 1 0 1 0 -1 0 0 42924.dat
1 1 -94.0949 -505.9999 141.7405 0 0 1 0 1 0 -1 0 0 42924.dat
1 25 -54.0951 -506.0001 181.7405 0.707107 0 0.707107 -0.707107 0 0.707107 0 -1 0 41669.dat
1 1 -54.0951 -506.0001 171.7405 0 -0.707107 0.707107 0 -0.707107 -0.707107 1 0 0 43093.dat
0 !LEOCAD GROUP END
0 !LEOCAD GROUP BEGIN Group #6
1 8 337.3338 -506 161.7405 0 0 -1 1 0 0 0 -1 0 32526.dat
1 8 277.3339 -505.9999 121.7405 0 0 1 1 0 0 0 1 0 32140.dat
1 1 277.3339 -505.9999 131.7405 0 0 1 0 1 0 -1 0 0 43093.dat
1 1 337.3338 -506 141.7405 0 0 -1 0 -1 0 -1 0 0 42924.dat
1 1 297.3338 -505.9999 141.7405 0 0 -1 0 -1 0 -1 0 0 42924.dat
1 25 257.3338 -506.0001 181.7405 -0.707107 0 -0.707107 0.707107 0 -0.707107 0 -1 0 41669.dat
1 1 257.3338 -506.0001 171.7405 0 0.707107 -0.707107 0 0.707107 0.707107 1 0 0 43093.dat
0 !LEOCAD GROUP END
0 !LEOCAD GROUP BEGIN Group #7
1 8 337.3338 -506 161.7405 0 0 -1 1 0 0 0 -1 0 32526.dat
1 8 277.3339 -505.9999 121.7405 0 0 1 1 0 0 0 1 0 32140.dat
1 1 277.3339 -505.9999 131.7405 0 0 1 0 1 0 -1 0 0 43093.dat
1 1 337.3338 -506 141.7405 0 0 -1 0 -1 0 -1 0 0 42924.dat
1 1 297.3338 -505.9999 141.7405 0 0 -1 0 -1 0 -1 0 0 42924.dat
1 25 257.3338 -506.0001 181.7405 -0.707107 0 -0.707107 0.707107 0 -0.707107 0 -1 0 41669.dat
1 1 257.3338 -506.0001 171.7405 0 0.707107 -0.707107 0 0.707107 0.707107 1 0 0 43093.dat
0 !LEOCAD GROUP END
1 7 157.33 -403.6833 80.7404 -0.087156 0 0.996195 -0.996195 0 -0.087156 0 -1 0 17141.dat
0 !LEOCAD GROUP BEGIN BrickPiBatteryCage
1 7 197.0992 -203 -138.5831 -1 0 0 0 0 -1 0 -1 0 32524.dat
1 7 179.0992 -203 -138.5831 -1 0 0 0 0 -1 0 -1 0 32524.dat
1 8 179.0992 -243 -118.583 -1 0 0 0 1 0 0 0 -1 48989.dat
1 8 197.0992 -243 -118.5831 -1 0 0 0 1 0 0 0 -1 48989.dat
1 1 197.0992 -243 -118.5831 0 0 1 0 1 0 -1 0 0 42924.dat
1 1 179.0992 -243 -118.583 0 0 1 0 1 0 -1 0 0 42924.dat
0 !LEOCAD GROUP BEGIN left Support
1 7 298.0994 -243 -158.5832 0 0 1 1 0 0 0 1 0 41239.dat
1 8 258.0992 -243 -138.5831 0 1 0 1 0 0 0 0 -1 48989.dat
1 8 278.0992 -323 -118.583 -1 0 0 0 0 1 0 1 0 32526.dat
1 8 278.0993 -323 -178.5832 -1 0 0 0 0 1 0 1 0 32526.dat
1 7 218.0992 -243 -198.5832 0 0 1 1 0 0 0 1 0 41239.dat
1 0 238.0992 -243 -188.5832 0 0 1 0 -1 0 1 0 0 2780.dat
1 0 278.0993 -243 -188.5832 0 0 1 0 -1 0 1 0 0 2780.dat
1 8 158.0992 -243 -218.5832 0 0 -1 -1 0 0 0 1 0 32526.dat
1 8 158.0991 -243 -178.5832 0 0 -1 -1 0 0 0 1 0 32526.dat
1 1 158.0991 -243 -198.5832 0 0 1 0 1 0 -1 0 0 42924.dat
1 1 118.0991 -243 -198.5832 0 0 1 0 1 0 -1 0 0 42924.dat
1 1 78.099 -263 -198.5832 0 0 1 0 1 0 -1 0 0 42924.dat
1 1 78.099 -283 -198.5832 0 0 1 0 1 0 -1 0 0 42924.dat
1 7 78.099 -382 -198.5832 -1 0 0 0 0 1 0 1 0 41239.dat
1 1 78.099 -462 -198.5832 0 0 1 0 1 0 -1 0 0 42924.dat
1 1 78.099 -502 -198.5832 0 0 1 0 1 0 -1 0 0 42924.dat
1 7 78.0991 -482 -178.5832 -1 0 0 0 0 1 0 1 0 32316.dat
1 7 138.0992 -522 -158.5832 0 0 1 1 0 0 0 1 0 41239.dat
1 8 278.0993 -303 -158.5832 -1 0 0 0 1 0 0 0 -1 48989.dat
1 7 278.0993 -343 -138.5831 -1 0 0 0 0 1 0 1 0 64289.dat
1 0 278.0993 -363 -148.5831 0 0 1 0 -1 0 1 0 0 2780.dat
1 7 278.0993 -423 -158.5832 -1 0 0 0 0 1 0 1 0 32524.dat
1 0 278.0993 -403 -148.5831 0 0 1 0 -1 0 1 0 0 2780.dat
1 0 278.0993 -483 -148.5831 0 0 1 0 -1 0 1 0 0 2780.dat
1 7 278.0992 -462 -118.583 -1 0 0 0 0 1 0 1 0 41239.dat
1 8 198.0992 -522 -138.5831 0 0 1 1 0 0 0 1 0 32526.dat
1 7 278.0993 -542 -158.5832 -1 0 0 0 0 1 0 1 0 32316.dat
1 8 278.0993 -562 -138.5831 -1 0 0 0 1 0 0 0 -1 48989.dat
1 1 278.0993 -562 -157.5832 0 -1 0 0 0 1 -1 0 0 42924.dat
1 1 278.0993 -502 -138.5831 0 -1 0 0 0 1 -1 0 0 42924.dat
1 1 258.0992 -522 -138.5831 0 -1 0 0 0 1 -1 0 0 42924.dat
1 1 218.0992 -522 -138.5831 0 -1 0 0 0 1 -1 0 0 42924.dat
1 7 138.0992 -522 -118.5831 0 0 1 1 0 0 0 1 0 41239.dat
0 !LEOCAD GROUP END
1 1 179.0992 -143 -118.583 0 1 0 0 0 -1 -1 0 0 42924.dat
1 0 197.0992 -143 -128.5831 0 0 1 0 1 0 -1 0 0 2780.dat
0 !LEOCAD GROUP BEGIN left Support
1 8 318.0993 -243 -178.5831 0 1 0 1 0 0 0 0 -1 48989.dat
0 !LEOCAD GROUP END
0 !LEOCAD GROUP BEGIN Back Support
1 8 380.0995 -243 -121.583 1 0 0 0 1 0 0 0 1 32034.dat
1 8 378.0995 -243 -148.5831 0 0 -1 0 1 0 1 0 0 43093.dat
1 7 380.0995 -243 -82.5829 0 0 -1 0 1 0 1 0 0 4519.dat
1 7 380.0994 -243 -81.5829 0 0 -1 0 1 0 1 0 0 32291.dat
1 7 400.0995 -209 -97.583 0 -1 0 -1 0 0 0 0 -1 32009.dat
1 1 400.0995 -223 -71.5829 1 0 0 0 0 -1 0 1 0 42924.dat
1 0 420.0994 -208.887 -57.4407 0 -1 0 -0.707107 0 -0.707107 0.707107 0 -0.707107 60483.dat
1 1 410.0995 -208.8868 -57.4407 1 0 0 0 -0.707107 -0.707107 0 0.707107 -0.707107 43093.dat
1 7 380.0995 -209 141.4173 0 1 0 -1 0 0 0 0 1 32009.dat
1 1 390.0995 -209 61.4171 1 0 0 0 1 0 0 0 1 43093.dat
1 1 390.0995 -209 -17.5829 -1 0 0 0 1 0 0 0 -1 43093.dat
1 7 360.0994 -358 119.4173 0 -1 0 -1 0 0 0 0 -1 41239.dat
1 1 380.0994 -358 179.4174 1 0 0 0 -1 0 0 0 -1 42924.dat
1 7 400.0994 -323.1794 159.7283 0 -1 0 -0.5 0 0.866025 -0.866025 0 -0.5 32316.dat
1 0 380.0995 -348 119.4173 1 0 0 0 -1 0 0 0 -1 32138.dat
1 0 380.0995 -347 39.4172 -1 0 0 0 1 0 0 0 -1 32138.dat
1 0 380.0994 -348 -0.5829 -1 0 0 0 1 0 0 0 -1 32138.dat
1 7 361.0993 -338 -0.5829 0 -1 0 -1 0 0 0 0 -1 41239.dat
1 8 341.0993 -338 -80.5829 0 0 -1 -1 0 0 0 1 0 48989.dat
1 8 341.0993 -338 39.4172 0 0 -1 -1 0 0 0 1 0 48989.dat
1 8 380.0995 -347 68.4173 0 -1 0 0 0 1 -1 0 0 55013.dat
1 8 321.0993 -338 79.4173 0 -1 0 -1 0 0 0 0 -1 32526.dat
1 8 321.0994 -338 -120.583 0 1 0 -1 0 0 0 0 1 32526.dat
1 0 311.0993 -358 -0.5829 -1 0 0 0 -1 0 0 0 1 2780.dat
1 0 311.0993 -358 -40.583 -1 0 0 0 -1 0 0 0 1 2780.dat
1 0 311.0993 -378 -40.583 -1 0 0 0 -1 0 0 0 1 2780.dat
1 0 311.0993 -378 -0.5829 -1 0 0 0 -1 0 0 0 1 2780.dat
0 !LEOCAD GROUP END
1 7 178.0992 -203 60.4171 1 0 0 0 0 -1 0 1 0 32524.dat
1 7 196.0992 -203 60.4171 1 0 0 0 0 -1 0 1 0 32524.dat
1 1 179.0991 -143 40.4172 0 1 0 0 0 1 1 0 0 42924.dat
1 0 195.0992 -143 50.4172 0 0 1 0 -1 0 1 0 0 2780.dat
0 !LEOCAD GROUP BEGIN Back Support
1 0 360.0994 -250 141.4173 0 0 1 0 1 0 -1 0 0 32039.dat
1 0 340.0994 -288 141.4174 0 0 -1 0 1 0 1 0 0 32013.dat
1 1 340.0993 -250 131.4173 0 0 1 0 -1 0 1 0 0 43093.dat
1 1 340.0993 -288 131.4173 0 0 -1 0 -1 0 -1 0 0 43093.dat
1 8 340.0994 -210 121.4173 0 0 1 -1 0 0 0 -1 0 32009.dat
1 8 240.0992 -210 101.4171 0 -1 0 -1 0 0 0 0 -1 48989.dat
0 !LEOCAD GROUP END
1 7 220.0992 -210 80.4173 0 0 -1 -1 0 0 0 1 0 64289.dat
1 0 197.0992 -209 70.4173 0 0 -1 0 -1 0 -1 0 0 2780.dat
0 !LEOCAD GROUP END
0 !LEOCAD GROUP BEGIN DriveTrain
1 7 197.2176 -83.6621 -98.3656 0 0 -1 0 1 0 1 0 0 95658.dat
1 7 197.2176 -83.6621 -188.3657 -1 0 0 0 1 0 0 0 -1 41896c01.dat
1 7 197.2176 -83.6621 -218.3657 1 0 0 0 1 0 0 0 1 4211622.dat
1 7 197.2176 -83.6621 -138.3657 1 0 0 0 1 0 0 0 1 4211622.dat
1 7 197.2176 -83.6621 -158.3657 0 0 -1 0 1 0 1 0 0 60485.dat
1 7 197.2176 -83.6621 -158.3657 1 0 0 0 1 0 0 0 1 4211622.dat
1 7 197.2176 -83.6621 21.6344 0 0 -1 0 1 0 1 0 0 95658.dat
1 7 197.2176 -83.6621 143.6345 -1 0 0 0 1 0 0 0 -1 4211622.dat
1 7 197.2176 -83.6621 63.6345 -1 0 0 0 1 0 0 0 -1 4211622.dat
1 7 197.2176 -83.6621 83.6344 0 0 1 0 1 0 -1 0 0 60485.dat
1 7 197.2176 -83.6621 83.6344 -1 0 0 0 1 0 0 0 -1 4211622.dat
0 !LEOCAD PIECE PIVOT  0 0 0 1 0 0 0 1 0 0 0 1
1 0 407.4177 -184.2621 41.6344 -1 0 0 0 -1 0 0 0 1 2780.dat
1 7 417.4177 -185.2621 -38.3656 0 1 0 -1 0 0 0 0 1 64289.dat
0 !LEOCAD PIECE PIVOT  0 0 0 1 0 0 0 1 0 0 0 1
1 0 407.4177 -184.2621 1.6344 -1 0 0 0 -1 0 0 0 1 2780.dat
0 !LEOCAD PIECE PIVOT  0 0 0 1 0 0 0 1 0 0 0 1
1 0 407.4176 -184.2621 -118.3657 -1 0 0 0 -1 0 0 0 1 2780.dat
0 !LEOCAD PIECE PIVOT  0 0 0 1 0 0 0 1 0 0 0 1
1 0 407.4176 -184.2621 -78.3656 -1 0 0 0 -1 0 0 0 1 2780.dat
1 7 197.2176 -83.6621 111.6344 -1 0 0 0 1 0 0 0 -1 41896c01.dat
1 7 437.2177 -84.6621 -18.3656 0 0 -1 -1 0 0 0 1 0 64290.dat
1 0 337.2177 -84.6621 -8.3656 0 0 -1 0 1 0 1 0 0 2780.dat
1 0 337.2177 -84.6621 -68.3656 0 0 -1 0 1 0 1 0 0 2780.dat
1 0 377.2177 -84.6621 -68.3656 0 0 -1 0 1 0 1 0 0 2780.dat
1 0 377.2177 -84.6621 -8.3656 0 0 -1 0 1 0 1 0 0 2780.dat
1 7 437.2177 -84.6621 -58.3656 0 0 -1 -1 0 0 0 1 0 64290.dat
1 1 537.049 -84.2895 -38.0842 0 0 -1 0 1 0 1 0 0 42924.dat
1 1 497.2177 -84.6621 -38.3656 0 0 -1 0 -1 0 -1 0 0 42924.dat
1 8 516.6976 -45.2621 -38.5256 1 0 0 0 0 -1 0 1 0 92911c01.dat
1 7 236.6976 -143.2621 -118.5257 0 0 -1 -1 0 0 0 1 0 32524.dat
1 1 276.6659 -143.0873 -98.3656 0 0 -1 0 1 0 1 0 0 42924.dat
1 1 237.2176 -142.6621 -98.3656 0 0 -1 0 1 0 1 0 0 42924.dat
1 7 237.5976 -142.4621 41.4175 0 0 -1 1 0 0 0 -1 0 32524.dat
1 1 277.5659 -142.6369 21.2575 0 0 -1 0 -1 0 -1 0 0 42924.dat
1 1 238.1176 -143.0621 21.2575 0 0 -1 0 -1 0 -1 0 0 42924.dat
1 7 197.6976 -143.2621 -98.5257 0 0 -1 -1 0 0 0 1 0 17141.dat
1 7 237.6976 -143.2621 -78.5256 0 0 -1 -1 0 0 0 1 0 32316.dat
1 7 237.6976 -143.2621 1.4744 0 0 -1 -1 0 0 0 1 0 32316.dat
1 7 137.6976 -143.2621 -58.5256 0 0 -1 -1 0 0 0 1 0 32009.dat
1 7 137.6976 -143.2621 -18.5256 0 0 -1 -1 0 0 0 1 0 32009.dat
1 7 237.6976 -143.2621 -38.5256 0 0 -1 -1 0 0 0 1 0 32316.dat
1 7 197.6976 -143.2621 21.4744 0 0 -1 -1 0 0 0 1 0 17141.dat
0 !LEOCAD GROUP END
0 !LEOCAD GROUP BEGIN Color Sensor
1 7 137.883 -223 -39.3834 0 0 1 0 1 0 -1 0 0 32073.dat
1 7 137.883 -143 -79.3834 1 0 0 0 0 1 0 -1 0 64289.dat
1 7 137.883 -143 -39.3834 1 0 0 0 0 1 0 -1 0 64289.dat
1 7 137.8831 -143 0.6167 1 0 0 0 0 1 0 -1 0 64289.dat
1 0 137.8831 -203 -9.3834 0 -1 0 0 0 1 -1 0 0 2780.dat
1 0 137.883 -183 -69.3834 0 -1 0 0 0 1 -1 0 0 2780.dat
1 1 137.883 -203 -59.3834 0 1 0 0 0 1 1 0 0 42924.dat
1 1 137.883 -183 -19.3834 0 -1 0 0 0 1 -1 0 0 42924.dat
1 8 57.8829 -63 -59.3834 0 0 1 -1 0 0 0 -1 0 32526.dat
1 8 57.8828 -63 -19.3834 0 0 1 -1 0 0 0 -1 0 32526.dat
1 1 137.883 -103 -99.3836 0 -1 0 0 0 1 -1 0 0 42924.dat
1 1 137.883 -63 -99.3836 0 -1 0 0 0 1 -1 0 0 42924.dat
1 1 137.883 -63 20.6167 0 1 0 0 0 1 1 0 0 42924.dat
1 1 137.883 -103 20.6167 0 1 0 0 0 1 1 0 0 42924.dat
1 8 137.883 -83 -99.3836 0 1 0 0 0 -1 -1 0 0 95650.dat
1 8 137.883 -83 20.6167 0 1 0 0 0 -1 -1 0 0 95650.dat
1 8 77.883 -23 -39.3834 -1 0 0 0 0 -1 0 -1 0 92911c01.dat
1 1 57.8829 -63 -39.3834 0 -1 0 0 0 -1 1 0 0 42924.dat
1 1 97.883 -63 -39.3834 0 -1 0 0 0 -1 1 0 0 42924.dat
0 !LEOCAD GROUP END
1 7 213.2176 -282.6621 -21.3656 0 1 0 0 0 -1 -1 0 0 95646.dat
1 7 316.0995 -247 3.417 0 -1 0 -1 0 0 0 0 -1 67704.dat
1 0 85.383 -515.8493 -126.4199 -0.15622 0.008187 0.987688 -0.068258 0.997486 -0.019065 -0.985361 -0.070396 -0.155268 3708.dat
0 !LEOCAD GROUP BEGIN Group #8
0 !LEOCAD PIECE PIVOT  0 0 80 1 0 0 0 1 0 0 0 1
1 8 279.6667 -130 141.7776 -1 0 0 0 0 -1 0 -1 0 32526.dat
1 7 279.6668 -150 161.7777 -1 0 0 0 0 -1 0 -1 0 64290.dat
1 7 279.6668 -170 181.7777 -1 0 0 0 0 -1 0 -1 0 32316.dat
1 7 279.6668 -170 201.7777 -1 0 0 0 0 -1 0 -1 0 32316.dat
1 1 279.6668 -170 201.7777 0 -1 0 0 0 -1 1 0 0 42924.dat
1 1 279.6668 -190 181.7777 0 -1 0 0 0 -1 1 0 0 42924.dat
1 1 279.6668 -150 181.7777 0 -1 0 0 0 -1 1 0 0 42924.dat
1 0 239.6667 -210 131.7776 0 1 0 0 0 -1 -1 0 0 2780.dat
1 1 279.6667 -210 141.7776 0 -1 0 0 0 -1 1 0 0 42924.dat
0 !LEOCAD GROUP END
1 7 222.8606 -276.8367 221.7777 -0.882948 0 -0.469471 0.469471 0 -0.882948 0 -1 0 41239.dat
1 0 196.8971 -330.7193 231.7405 -0 -0.87462 0.48481 0 0.48481 0.87462 -1 0 0 2780.dat
1 0 167.8084 -383.1965 231.7405 0 -0.87462 0.48481 0 0.48481 0.87462 -1 0 0 2780.dat
0 NOFILE
0 FILE BrickPiBatteryCage.ldr
0 
0 Name: BrickPiBatteryCage.ldr
0 Author: 
0 !LEOCAD GROUP BEGIN BrickPiBatteryCage
1 7 15 -70 28 0 1 0 0 0 -1 -1 0 0 32524.dat
1 7 15 -70 10 0 1 0 0 0 -1 -1 0 0 32524.dat
1 8 -5 -110 10 0 0 1 0 1 0 -1 0 0 48989.dat
1 8 -5 -110 28 0 0 1 0 1 0 -1 0 0 48989.dat
1 1 -5 -110 28 1 0 0 0 1 0 0 0 1 42924.dat
1 1 -5 -110 10 1 0 0 0 1 0 0 0 1 42924.dat
0 !LEOCAD GROUP BEGIN left Support
1 7 35 -110 129 0 -1 0 1 0 0 0 0 1 41239.dat
1 8 15 -110 89 0 0 1 1 0 0 0 1 0 48989.dat
1 8 -5 -190 109 0 -1 0 0 0 1 -1 0 0 32526.dat
1 8 55 -190 109 0 -1 0 0 0 1 -1 0 0 32526.dat
1 7 75 -110 49 0 -1 0 1 0 0 0 0 1 41239.dat
1 0 65 -110 69 -1 0 0 0 -1 0 0 0 1 2780.dat
1 0 65 -110 109 -1 0 0 0 -1 0 0 0 1 2780.dat
1 8 95 -110 -11 0 -1 0 -1 0 0 0 0 -1 32526.dat
1 8 55 -110 -11 0 -1 0 -1 0 0 0 0 -1 32526.dat
1 1 75 -110 -11 1 0 0 0 1 0 0 0 1 42924.dat
1 1 75 -110 -51 1 0 0 0 1 0 0 0 1 42924.dat
1 1 75 -130 -91 1 0 0 0 1 0 0 0 1 42924.dat
1 1 75 -150 -91 1 0 0 0 1 0 0 0 1 42924.dat
1 7 75 -249 -91 0 -1 0 0 0 1 -1 0 0 41239.dat
1 1 75 -329 -91 1 0 0 0 1 0 0 0 1 42924.dat
1 1 75 -369 -91 1 0 0 0 1 0 0 0 1 42924.dat
1 7 55 -349 -91 0 -1 0 0 0 1 -1 0 0 32316.dat
1 7 35 -389 -31 0 -1 0 1 0 0 0 0 1 41239.dat
1 8 35 -170 109 0 0 1 0 1 0 -1 0 0 48989.dat
1 7 15 -210 109 0 -1 0 0 0 1 -1 0 0 64289.dat
1 0 25 -230 109 -1 0 0 0 -1 0 0 0 1 2780.dat
1 7 35 -290 109 0 -1 0 0 0 1 -1 0 0 32524.dat
1 0 25 -270 109 -1 0 0 0 -1 0 0 0 1 2780.dat
1 0 25 -350 109 -1 0 0 0 -1 0 0 0 1 2780.dat
1 7 -5 -329 109 0 -1 0 0 0 1 -1 0 0 41239.dat
1 8 15 -389 29 0 -1 0 1 0 0 0 0 1 32526.dat
1 7 35 -409 109 0 -1 0 0 0 1 -1 0 0 32316.dat
1 8 15 -429 109 0 0 1 0 1 0 -1 0 0 48989.dat
1 1 34 -429 109 1 0 0 0 0 1 0 -1 0 42924.dat
1 1 15 -369 109 1 0 0 0 0 1 0 -1 0 42924.dat
1 1 15 -389 89 1 0 0 0 0 1 0 -1 0 42924.dat
1 1 15 -389 49 1 0 0 0 0 1 0 -1 0 42924.dat
1 7 -5 -389 -31 0 -1 0 1 0 0 0 0 1 41239.dat
0 !LEOCAD GROUP END
1 1 -5 -10 10 1 0 0 0 0 -1 0 1 0 42924.dat
1 0 5 -10 28 1 0 0 0 1 0 0 0 1 2780.dat
0 !LEOCAD GROUP BEGIN left Support
1 8 55 -110 149 0 0 1 1 0 0 0 1 0 48989.dat
0 !LEOCAD GROUP END
0 !LEOCAD GROUP BEGIN Back Support
1 8 -2 -110 211 0 0 -1 0 1 0 1 0 0 32034.dat
1 8 25 -110 209 -1 0 0 0 1 0 0 0 -1 43093.dat
1 7 -41 -110 211 -1 0 0 0 1 0 0 0 -1 4519.dat
1 7 -42 -110 211 -1 0 0 0 1 0 0 0 -1 32291.dat
1 7 -26 -76 231 0 0 1 -1 0 0 0 -1 0 32009.dat
1 1 -52 -90 231 0 -1 0 0 0 -1 1 0 0 42924.dat
1 0 -66.1422 -75.8873 251 -0.707107 0 0.707107 -0.707107 0 -0.707107 0 -1 0 60483.dat
1 1 -66.1422 -75.8873 241 0 -0.707107 0.707107 0 -0.707107 -0.707107 1 0 0 43093.dat
1 7 -265 -76 211 0 0 -1 -1 0 0 0 1 0 32009.dat
1 1 -185 -76 221 0 0 -1 0 1 0 1 0 0 43093.dat
1 1 -106 -76 221 0 0 1 0 1 0 -1 0 0 43093.dat
1 7 -243 -225 191 0 0 1 -1 0 0 0 -1 0 41239.dat
1 1 -303 -225 211 0 0 1 0 -1 0 1 0 0 42924.dat
1 7 -283.311 -190.1794 231 0.866025 0 0.5 -0.5 0 0.866025 0 -1 0 32316.dat
1 0 -243 -215 211 0 0 1 0 -1 0 1 0 0 32138.dat
1 0 -163 -214 211 0 0 1 0 1 0 -1 0 0 32138.dat
1 0 -123 -215 211 0 0 1 0 1 0 -1 0 0 32138.dat
1 7 -123 -205 192 0 0 1 -1 0 0 0 -1 0 41239.dat
1 8 -43 -205 172 0 -1 0 -1 0 0 0 0 -1 48989.dat
1 8 -163 -205 172 0 -1 0 -1 0 0 0 0 -1 48989.dat
1 8 -192 -214 211 1 0 0 0 0 1 0 -1 0 55013.dat
1 8 -203 -205 152 0 0 1 -1 0 0 0 -1 0 32526.dat
1 8 -3 -205 152 0 0 -1 -1 0 0 0 1 0 32526.dat
1 0 -123 -225 142 0 0 -1 0 -1 0 -1 0 0 2780.dat
1 0 -83 -225 142 0 0 -1 0 -1 0 -1 0 0 2780.dat
1 0 -83 -245 142 0 0 -1 0 -1 0 -1 0 0 2780.dat
1 0 -123 -245 142 0 0 -1 0 -1 0 -1 0 0 2780.dat
0 !LEOCAD GROUP END
1 7 -184 -70 9 0 -1 0 0 0 -1 1 0 0 32524.dat
1 7 -184 -70 27 0 -1 0 0 0 -1 1 0 0 32524.dat
1 1 -164 -10 10 -1 0 0 0 0 1 0 1 0 42924.dat
1 0 -174 -10 26 -1 0 0 0 -1 0 0 0 1 2780.dat
0 !LEOCAD GROUP BEGIN Back Support
1 0 -265 -117 191 1 0 0 0 1 0 0 0 1 32039.dat
1 0 -265 -155 171 -1 0 0 0 1 0 0 0 -1 32013.dat
1 1 -255 -117 171 -1 0 0 0 -1 0 0 0 1 43093.dat
1 1 -255 -155 171 1 0 0 0 -1 0 0 0 -1 43093.dat
1 8 -245 -77 171 0 1 0 -1 0 0 0 0 1 32009.dat
1 8 -225 -77 71 0 0 1 -1 0 0 0 -1 0 48989.dat
0 !LEOCAD GROUP END
1 7 -204 -77 51 0 -1 0 -1 0 0 0 0 -1 64289.dat
1 0 -194 -76 28 1 0 0 0 -1 0 0 0 -1 2780.dat
0 !LEOCAD GROUP END
0 !LEOCAD PIECE PIVOT  0 0 80 1 0 0 0 1 0 0 0 1
1 8 -265 3 110.9999 0 1 0 0 0 -1 -1 0 0 32526.dat
1 7 -285 -17 110.9999 0 1 0 0 0 -1 -1 0 0 64290.dat
1 7 -305 -37 110.9999 0 1 0 0 0 -1 -1 0 0 32316.dat
1 7 -325 -37 110.9999 0 1 0 0 0 -1 -1 0 0 32316.dat
1 1 -325 -37 110.9999 -1 0 0 0 0 -1 0 -1 0 42924.dat
1 1 -305 -57 110.9999 -1 0 0 0 0 -1 0 -1 0 42924.dat
1 1 -305 -17 110.9999 -1 0 0 0 0 -1 0 -1 0 42924.dat
1 0 -255 -77 70.9999 1 0 0 0 0 -1 0 1 0 2780.dat
1 1 -265 -77 110.9999 -1 0 0 0 0 -1 0 -1 0 42924.dat
1 7 -345 -140.923 50.9999 0 -1 0 -0.5 0 -0.866025 0.866025 0 -0.5 41239.dat
1 0 -335 -192.8847 20.9999 1 0 0 0 -0.5 -0.866025 0 0.866025 -0.5 2780.dat
1 0 -335 -244.8463 -9.0001 1 0 0 0 -0.5 -0.866025 0 0.866025 -0.5 2780.dat
0 NOFILE
0 FILE Windmill.ldr
0 
0 Name: Windmill.ldr
0 Author: 
0 !LEOCAD GROUP BEGIN Windmill
1 0 166 -286 -53 0 0 -1 0 1 0 1 0 0 32072.dat
1 0 25 -286 -53 1 0 0 0 1 0 0 0 1 50451.dat
1 7 132 -201.0502 -137.9498 0 1 0 0.707107 0 0.707107 0.707107 0 -0.707107 41239.dat
1 7 25 -286 -53 0 1 0 -1 0 0 0 0 1 41239.dat
1 0 15 -285.9999 -73 1 0 0 0 1 0 0 0 1 2780.dat
1 0 15 -286 -93 1 0 0 0 1 0 0 0 1 2780.dat
1 0 15 -285.9999 -113 1 0 0 0 1 0 0 0 1 2780.dat
1 1 5 -286 -153 -1 0 0 0 -1 0 0 0 1 42924.dat
1 1 -35 -285.9999 -113 -1 0 0 0 -1 0 0 0 1 42924.dat
1 0 5 -285.9999 -63 0 1 0 -1 0 0 0 0 1 43857.dat
1 8 5 -285.9999 -113 0 1 0 -1 0 0 0 0 1 17141.dat
1 8 5 -285.9999 26.9999 0 1 0 -1 0 0 0 0 1 17141.dat
1 1 5 -286 7 -1 0 0 0 -1 0 0 0 1 42924.dat
1 1 5 -286 46.9999 -1 0 0 0 -1 0 0 0 1 42924.dat
1 8 -35 -285.9999 -133 0 1 0 -1 0 0 0 0 1 32316.dat
1 8 -15 -285.9999 -133 0 1 0 -1 0 0 0 0 1 17141.dat
1 7 -55 -286 -193 0 1 0 -1 0 0 0 0 1 64290.dat
1 0 -45 -286 -153 1 0 0 0 1 0 0 0 1 2780.dat
0 !LEOCAD GROUP BEGIN Pinch
1 8 -35 -493.8456 -173 0 -1 0 0.5 0 0.866025 -0.866025 0 0.5 32526.dat
1 8 -75 -441.8841 -143 0 1 0 0.5 0 -0.866025 -0.866025 0 -0.5 32140.dat
1 1 -65 -441.8841 -143 -1 0 0 0 0.5 -0.866025 0 -0.866025 -0.5 43093.dat
1 1 -55 -493.8456 -173 -1 0 0 0 -0.5 0.866025 0 0.866025 0.5 42924.dat
1 1 -55 -459.2046 -153 -1 0 0 0 -0.5 0.866025 0 0.866025 0.5 42924.dat
1 25 -15 -424.5639 -133 0 -1 0 0.965926 0 0.258819 -0.258819 0 0.965926 41669.dat
1 1 -25 -424.5639 -133 1 0 0 0 -0.258819 0.965926 0 -0.965926 -0.258819 43093.dat
0 !LEOCAD GROUP END
1 7 -15 -283.9999 7 0 1 0 -1 0 0 0 0 1 32316.dat
1 7 -35 -283.9999 7 0 1 0 -1 0 0 0 0 1 32316.dat
1 7 -55 -284 86.9999 0 1 0 -1 0 0 0 0 1 64290.dat
1 0 -45 -283.9999 7 -1 0 0 0 -1 0 0 0 1 2780.dat
1 0 -45 -284 47 -1 0 0 0 -1 0 0 0 1 2780.dat
1 0 -25 -318.6411 -73 1 0 0 0 0.5 0.866026 0 -0.866026 0.5 2780.dat
1 0 -25 -353.2821 -93 1 0 0 0 0.5 0.866026 0 -0.866026 0.5 2780.dat
1 7 -55 -405.2433 -123 0 1 0 -0.5 0 0.866025 0.866025 0 0.5 64290.dat
1 0 -45 -335.9616 -83 1 0 0 0 0.5 0.866026 0 -0.866026 0.5 2780.dat
1 0 -45 -370.6026 -103 1 0 0 0 0.5 0.866026 0 -0.866026 0.5 2780.dat
1 7 -35 -285.9999 -53.0001 0 1 0 0.5 0 0.866025 0.866025 0 -0.5 41239.dat
1 1 -95 -389.9228 6.9999 1 0 0 0 -0.5 0.866025 0 -0.866025 -0.5 42924.dat
1 0 -45 -372.6023 -3.0001 1 0 0 0 -0.5 0.866025 0 -0.866025 -0.5 2780.dat
1 0 -45 -337.9613 -23.0001 1 0 0 0 -0.5 0.866025 0 -0.866025 -0.5 2780.dat
1 0 -45 -234.0385 -83 1 0 0 0 -0.5 0.866025 0 -0.866025 -0.5 2780.dat
1 0 -45 -199.3975 -103 1 0 0 0 -0.5 0.866025 0 -0.866025 -0.5 2780.dat
1 7 5 -232.0385 36.9998 0 1 0 -0.5 0 -0.866025 -0.866025 0 0.5 32524.dat
1 7 5 -232.0385 36.9998 0 1 0 -0.5 0 -0.866025 -0.866025 0 0.5 32524.dat
1 7 -15 -337.9613 36.9998 0 1 0 -0.5 0 0.866025 0.866025 0 0.5 32524.dat
1 7 5 -389.9229 -53 0 1 0 1 0 0 0 0 -1 32524.dat
1 7 -15 -337.9613 -143 0 1 0 0.5 0 0.866025 0.866025 0 -0.5 32524.dat
1 7 5 -234.0385 -143 0 1 0 0.5 0 -0.866025 -0.866025 0 -0.5 32524.dat
1 7 25 -182.077 -53 0 1 0 1 0 0 0 0 -1 32524.dat
1 0 -74 -286 -53 0 0 -1 0 1 0 1 0 0 32072.dat
1 7 -55 -164.7565 -123 0 1 0 0.5 0 0.866025 0.866025 0 -0.5 64290.dat
1 7 -55 -164.7564 17.0001 0 1 0 0.5 0 -0.866026 -0.866026 0 -0.5 64290.dat
1 7 -55 -407.2432 16.9998 0 1 0 0.5 0 0.866025 0.866025 0 -0.5 64290.dat
1 7 -15 -318.6408 -73 0 1 0 -0.5 0 0.866025 0.866025 0 0.5 32316.dat
1 7 -35 -353.2819 -93.0001 0 1 0 -0.5 0 0.866025 0.866025 0 0.5 32316.dat
1 7 -35 -216.7179 -12.9999 0 1 0 0.5 0 -0.866026 -0.866026 0 -0.5 32524.dat
1 0 -45 -164.7564 17.0001 1 0 0 0 -0.5 -0.866026 0 0.866026 -0.5 2780.dat
1 0 -25 -182.0769 7.0001 1 0 0 0 -0.5 -0.866026 0 0.866026 -0.5 2780.dat
1 7 -15 -182.077 -53 0 1 0 1 0 0 0 0 -1 32524.dat
1 8 5 -182.077 -53 0 0 1 1 0 0 0 1 0 48989.dat
1 0 -45 -234.0385 -22.9999 1 0 0 0 -0.5 -0.866026 0 0.866026 -0.5 2780.dat
1 1 -95 -285.9999 66.9999 -1 0 0 0 -1 0 0 0 1 42924.dat
1 1 -95 -389.9229 -113 1 0 0 0 -1 0 0 0 -1 42924.dat
1 1 -95 -286 -173 -1 0 0 0 -1 0 0 0 1 42924.dat
1 1 -75 -182.077 -113 -1 0 0 0 -0.866025 -0.5 0 -0.5 0.866025 42924.dat
1 1 -96 -182.077 6.9999 -1 0 0 0 -1 0 0 0 1 42924.dat
1 7 -116.0001 -286.5191 -53.0001 0 -1 0 0.5 0 0.866025 -0.866025 0 0.5 41239.dat
1 7 -96 -340.4805 36.9999 0 -1 0 0.5 0 0.866025 -0.866025 0 0.5 32524.dat
1 7 -76 -234.5576 37 0 -1 0 0.5 0 -0.866025 0.866025 0 0.5 32524.dat
1 7 -96.0001 -182.5961 -53 0 -1 0 -1 0 0 0 0 -1 32524.dat
1 7 -76 -234.5578 -143.0001 0 -1 0 -0.5 0 -0.866025 0.866025 0 -0.5 32524.dat
1 7 -96 -338.4805 -143.0001 0 -1 0 -0.5 0 0.866025 -0.866025 0 -0.5 32524.dat
1 7 -76 -390.4423 -53 0 -1 0 -1 0 0 0 0 -1 32524.dat
1 7 -96.0001 -286.5192 -53 0 -1 0 1 0 0 0 0 1 64290.dat
